10
48 55
622 617 310
167 171 227
499 500 382
616 612 367
695 694 317
720 720 489
963 959 240
698 694 253
703 702 252
845 843 239
210 211 379
718 721 201
820 819 478
111 108 400
822 819 313
917 917 373
694 691 471
802 797 245
987 983 408
591 587 349
455 459 495
305 302 392
899 903 245
633 633 330
640 642 390
564 567 312
935 933 402
355 358 242
47 46 288
890 888 239
992 988 324
718 715 308
320 316 319
314 318 237
749 748 494
520 516 412
536 538 275
36 31 356
808 803 183
869 867 400
736 734 227
418 418 472
248 250 274
131 131 349
722 719 342
567 564 304
712 715 404
615 611 168
828 823 719 0 308 0
213 206 1547 0 244 1
436 436 450 0 104 0
711 706 406 0 83 0
97 94 1249 0 343 0
828 818 492 0 52 1
395 404 586 0 134 1
162 171 523 0 60 1
125 118 385 0 81 1
597 594 332 0 181 1
695 687 436 0 73 1
20 11 377 0 81 0
920 921 453 0 134 0
138 142 312 0 72 1
438 447 298 0 153 1
352 349 267 0 189 0
957 960 502 0 135 1
301 292 443 0 193 1
133 128 310 0 112 0
243 249 279 0 62 0
843 844 1359 0 383 1
717 717 914 0 308 1
508 508 531 0 166 0
12 2 1517 0 284 0
525 528 406 0 103 0
826 834 212 0 53 0
350 343 555 0 116 0
34 29 557 0 79 0
967 968 328 0 137 0
250 243 552 0 142 1
669 661 505 0 94 0
541 545 473 0 197 1
569 562 331 0 60 1
791 798 1467 0 241 0
238 239 1206 0 317 0
392 387 478 0 129 0
18 17 311 0 151 1
300 293 499 0 75 0
702 708 389 0 140 1
313 313 266 0 191 1
740 732 215 0 195 1
733 741 279 0 119 1
165 163 451 0 130 0
347 355 234 0 149 1
769 761 387 0 137 1
234 237 517 0 116 0
980 974 403 0 135 0
453 455 473 0 125 1
648 646 319 0 89 0
559 565 291 0 112 1
863 853 566 0 112 0
273 267 345 0 116 0
722 713 304 0 63 1
705 709 513 0 153 1
133 128 734 0 365 0
42 88
672 676 172
465 467 221
758 760 306
282 280 383
889 892 311
315 311 287
793 797 270
917 919 459
600 600 248
794 796 103
259 262 156
513 515 174
250 246 444
367 368 236
748 751 244
189 193 461
491 493 340
998 994 498
549 549 255
893 890 130
119 117 412
45 44 263
781 783 121
14 9 237
723 726 387
87 89 246
816 817 463
630 625 312
933 936 148
858 858 355
158 161 496
15 11 491
171 169 437
586 589 280
513 514 117
659 654 307
360 364 185
230 231 229
977 979 234
811 815 372
998 999 222
466 470 203
402 401 530 0 160 1
363 357 590 0 150 0
324 325 1130 0 245 1
350 354 333 0 122 1
54 61 577 0 60 1
90 93 233 0 67 0
402 396 443 0 139 0
893 894 479 0 111 1
170 178 304 0 96 1
852 846 473 0 151 1
394 394 495 0 123 1
651 660 1275 0 263 0
670 671 478 0 159 1
933 936 442 0 65 1
920 921 372 0 87 0
314 318 349 0 109 0
353 354 305 0 150 0
229 226 329 0 177 0
500 500 461 0 75 1
908 909 349 0 72 0
982 990 586 0 111 0
809 803 539 0 192 0
617 608 590 0 237 0
105 112 242 0 156 1
31 21 390 0 145 1
293 284 257 0 161 1
69 72 413 0 100 0
953 958 769 0 283 1
69 71 492 0 67 1
116 118 272 0 80 0
728 727 471 0 147 1
75 76 251 0 74 0
749 747 373 0 75 1
904 912 1413 0 265 1
180 182 523 0 152 0
330 337 208 0 76 0
206 208 360 0 52 1
584 592 400 0 69 0
778 773 718 0 256 1
708 716 1040 0 230 0
352 346 333 0 110 1
721 722 419 0 142 0
288 282 382 0 80 1
993 997 437 0 120 0
135 134 403 0 125 0
8 3 394 0 149 1
765 772 886 0 357 0
590 587 891 0 145 0
627 628 564 0 180 1
770 767 1588 0 162 1
397 399 821 0 206 0
852 860 583 0 117 1
327 321 246 0 188 1
632 625 1284 0 295 0
794 795 821 0 412 0
441 440 583 0 124 0
173 163 469 0 155 0
348 354 645 0 329 0
449 449 383 0 101 1
170 174 431 0 146 1
168 174 287 0 192 0
995 1003 307 0 101 1
541 540 799 0 332 0
290 289 597 0 161 1
936 930 821 0 224 0
81 86 397 0 102 0
846 849 443 0 57 0
553 552 902 0 270 1
12 5 471 0 130 1
211 215 537 0 143 0
139 138 582 0 84 0
847 837 409 0 70 0
934 943 341 0 56 0
880 875 583 0 195 1
225 229 1153 0 397 1
483 476 465 0 60 0
518 525 222 0 143 0
335 329 1396 0 343 0
616 615 341 0 166 1
458 455 585 0 84 1
858 859 235 0 161 0
634 642 550 0 184 1
315 315 901 0 271 0
26 30 271 0 110 1
897 901 229 0 198 1
92 97 377 0 175 0
729 724 378 0 199 1
825 815 415 0 174 1
45 70
70 65 106
268 264 283
96 91 489
491 492 166
559 558 136
357 355 240
999 997 273
476 474 108
606 604 412
439 442 344
842 844 189
722 717 496
819 819 499
809 808 278
137 140 112
28 28 351
11 13 263
236 233 280
939 936 220
920 920 221
745 744 417
200 201 333
126 129 299
100 103 266
380 375 439
659 660 395
530 527 357
37 39 474
212 215 330
664 667 389
520 521 301
540 535 365
553 551 106
807 807 282
991 994 242
821 824 408
484 486 168
449 453 294
568 568 107
678 680 395
444 447 359
173 171 385
359 357 361
217 215 203
310 306 224
19 25 474 0 98 1
210 209 599 0 149 1
879 885 411 0 70 0
350 344 501 0 153 0
102 102 532 0 85 0
545 538 476 0 91 1
524 532 536 0 171 0
634 635 584 0 58 1
237 238 518 0 152 0
352 351 938 0 390 0
996 997 259 0 118 0
120 117 490 0 67 1
7 15 1526 0 306 0
765 755 475 0 165 1
924 921 378 0 180 1
136 131 563 0 191 1
596 598 541 0 72 1
582 576 447 0 116 0
902 904 373 0 180 1
702 706 464 0 167 1
497 503 740 0 273 1
569 568 427 0 143 0
443 450 290 0 53 0
991 989 392 0 139 0
113 107 1334 0 274 1
938 944 481 0 79 1
37 33 439 0 128 0
834 837 1116 0 288 0
740 734 805 0 245 1
955 951 578 0 52 0
632 635 516 0 174 1
31 34 238 0 199 1
792 790 313 0 136 0
50 46 396 0 178 0
322 312 263 0 99 0
387 379 769 0 328 0
408 409 306 0 158 0
498 504 340 0 157 0
383 377 220 0 137 1
629 620 550 0 143 0
765 755 647 0 285 0
520 528 489 0 65 0
287 291 1354 0 282 0
749 751 249 0 117 0
453 454 925 0 217 0
789 779 246 0 175 1
297 291 1101 0 312 0
997 995 484 0 115 1
124 125 414 0 170 1
966 956 401 0 89 0
737 742 375 0 188 0
154 151 561 0 186 1
625 632 277 0 141 0
271 276 567 0 115 0
42 36 383 0 61 1
962 968 327 0 164 1
204 206 1416 0 206 1
214 213 421 0 188 0
155 147 1446 0 243 0
302 311 490 0 62 1
802 800 713 0 204 0
524 523 397 0 133 1
161 157 414 0 134 0
240 237 513 0 108 0
158 166 219 0 126 1
5 13 267 0 67 1
716 711 536 0 108 0
50 44 466 0 120 0
402 400 1176 0 301 0
982 989 473 0 152 1
45 98
104 101 242
84 88 464
118 122 271
452 450 219
783 778 129
645 647 452
343 344 108
723 721 208
773 770 297
183 184 422
683 682 386
648 645 323
652 647 340
225 223 246
715 713 354
976 975 211
105 105 354
545 545 275
401 403 138
388 383 144
430 432 259
721 719 458
453 451 418
287 289 296
466 470 358
958 959 434
448 452 386
857 858 318
240 239 480
303 300 272
788 789 209
492 492 215
382 380 456
847 844 310
39 36 444
652 647 295
966 970 322
561 564 396
929 928 126
291 294 189
706 707 226
9 5 449
519 518 316
558 557 337
186 186 413
162 154 335 0 126 1
618 623 222 0 71 0
216 225 447 0 157 1
365 366 474 0 147 0
523 531 575 0 167 0
100 96 402 0 81 1
985 992 469 0 145 1
485 488 537 0 75 0
659 654 371 0 159 1
633 641 456 0 187 1
787 793 530 0 99 1
712 714 562 0 84 0
725 724 310 0 66 1
154 150 270 0 195 1
782 775 228 0 138 0
638 628 294 0 124 0
233 228 365 0 114 0
425 433 522 0 129 0
468 471 263 0 99 0
685 677 429 0 172 1
869 862 436 0 108 1
412 421 442 0 116 0
587 586 306 0 106 1
46 36 500 0 117 1
509 510 534 0 88 0
920 922 478 0 91 1
44 34 470 0 197 1
703 695 1387 0 235 0
167 172 289 0 52 1
63 65 255 0 54 1
56 59 756 0 307 0
164 155 521 0 129 0
265 268 912 0 230 0
719 720 832 0 320 0
245 254 593 0 63 0
29 38 405 0 56 0
538 536 496 0 69 0
202 197 310 0 63 1
998 1007 327 0 161 1
240 232 210 0 116 0
947 954 245 0 72 1
802 809 357 0 96 1
379 387 248 0 128 0
912 919 764 0 235 1
307 314 1150 0 328 0
591 587 330 0 117 1
439 429 261 0 150 1
51 41 335 0 192 0
639 636 500 0 64 0
867 858 300 0 189 0
153 149 225 0 147 1
109 111 224 0 110 0
236 229 395 0 119 0
622 613 965 0 342 0
732 726 595 0 66 0
118 122 1096 0 197 0
902 905 571 0 159 0
186 186 386 0 196 0
860 853 510 0 131 1
187 191 290 0 90 0
79 80 330 0 152 1
767 758 312 0 63 0
342 338 420 0 174 0
620 625 464 0 63 1
510 513 479 0 54 1
650 648 349 0 156 0
93 87 408 0 171 0
906 913 573 0 84 0
197 188 420 0 101 0
870 862 281 0 176 0
476 469 575 0 146 0
202 211 435 0 51 0
239 229 1287 0 195 0
974 972 421 0 75 1
303 308 360 0 94 1
681 685 403 0 142 1
383 381 560 0 92 1
252 249 337 0 70 1
209 211 546 0 85 1
541 533 549 0 77 0
144 144 302 0 182 0
13 12 222 0 130 1
353 350 294 0 59 0
141 142 1425 0 254 1
170 177 505 0 70 0
127 131 202 0 154 0
182 186 809 0 293 0
780 781 526 0 120 1
456 452 1417 0 342 1
954 960 420 0 133 0
568 577 339 0 132 0
959 965 564 0 80 0
682 674 508 0 111 0
736 727 239 0 113 0
749 744 1415 0 200 0
102 101 351 0 140 1
248 257 307 0 156 0
543 541 200 0 71 0
50 82
8619 4781 19
5320 3635 37
8268 7323 76
6335 3832 33
5194 9035 55
7089 668 33
5233 4646 55
5215 8534 32
8120 7656 16
132 9022 56
3163 7881 97
138 8594 92
5547 2469 83
5109 4114 82
9410 7758 83
8227 5315 54
5117 7494 43
5063 8277 50
4086 2575 66
5246 3850 60
8827 3866 30
5013 6444 46
3091 4183 74
2856 7181 19
1187 1071 79
1351 8070 83
8923 1235 76
4937 1748 79
3741 556 94
502 2190 75
5844 4276 46
8890 6689 53
3274 8494 43
6854 2715 71
7274 8615 44
796 3207 99
9981 4637 85
1497 1741 36
4327 6530 42
7325 8575 93
1846 6992 76
5003 1144 97
5481 138 50
4975 1545 19
2151 1173 45
2161 8554 47
1826 1101 21
7440 3406 56
605 7350 94
2318 8179 37
8621 4778 19 0 286 1
5312 3638 36 0 51 1
8271 7317 155 0 767 0
6338 3837 110 0 1765 0
5200 9041 58 0 2830 0
7100 657 36 0 401 1
5219 4644 61 0 268 1
5203 8536 95 0 1172 0
8111 7642 19 0 228 0
140 9025 62 0 358 1
3155 7890 168 0 2956 0
131 8588 95 0 378 0
5547 2466 144 0 1094 1
5097 4123 92 0 1807 1
9403 7745 88 0 2432 1
8233 5308 89 0 2502 0
5116 7495 47 0 79 0
5054 8281 53 0 202 1
4091 2586 71 0 209 0
5236 3844 64 0 307 0
8817 3871 29 0 118 0
5013 6432 57 0 913 0
3079 4182 77 0 293 1
2861 7179 19 0 228 0
1191 1062 139 0 1995 0
1347 8078 123 0 2688 0
8917 1242 118 0 774 0
4942 1760 95 0 1438 1
3753 553 95 0 240 0
512 2198 80 0 137 0
5855 4263 45 0 328 0
8886 6699 118 0 1339 0
3286 8500 125 0 752 1
6846 2721 75 0 224 1
7281 8614 44 0 80 0
796 3207 164 0 774 0
9967 4647 180 0 1221 0
1490 1730 40 0 347 0
4337 6533 40 0 245 1
7332 8582 94 0 145 0
1840 6997 73 0 140 0
5008 1140 97 0 516 1
5477 141 56 0 408 1
4962 1550 48 0 1720 1
2159 1169 49 0 143 0
2156 8550 44 0 2787 1
1820 1103 66 0 2416 1
7445 3400 62 0 225 0
599 7341 96 0 156 1
2330 8180 70 0 1039 1
8621 4768 22 0 385 1
5315 3644 34 0 360 0
8279 7311 82 0 384 0
6340 3821 110 0 2660 1
5184 9031 51 0 387 0
7079 654 37 0 229 0
5237 4642 126 0 760 0
5202 8546 76 0 2343 1
8107 7656 60 0 2148 0
131 9032 117 0 2628 1
3175 7879 115 0 1163 0
143 8602 90 0 171 0
5554 2461 73 0 1985 0
5113 4106 94 0 1151 0
9398 7767 82 0 224 1
8229 5312 65 0 1852 0
5104 7486 98 0 2667 1
5058 8280 51 0 230 1
4072 2584 10 0 324 0
5247 3838 60 0 382 0
8818 3877 30 0 144 0
5013 6455 125 0 1785 1
3094 4184 136 0 1617 1
2855 7185 25 0 214 0
1190 1067 79 0 290 1
1350 8065 87 0 159 1
8935 1222 80 0 115 1
4937 1754 85 0 229 0
3749 567 92 0 154 0
495 2186 77 0 295 1
5842 4262 94 0 1441 0
8882 6701 56 0 205 0
50 92
1702 4224 77
7959 1090 93
2129 1246 50
3332 6344 30
692 5720 39
3363 4852 98
8558 6255 20
5183 1278 16
1597 135 38
9581 8646 91
1679 1768 27
3904 1009 22
2366 7383 40
3135 2322 31
927 3352 75
1094 6780 40
9958 1811 77
772 1429 66
2539 2388 43
4909 337 37
39 1788 57
2672 1365 93
1139 4255 48
1223 6140 83
9173 1380 36
3990 6961 48
9667 1661 14
3544 3907 60
4032 4976 62
7745 760 50
8935 3601 46
9694 8091 16
7985 2616 88
8265 6484 18
8266 7217 67
2430 7004 58
1695 5556 74
9673 541 65
4021 8963 32
3324 6718 14
2973 1150 80
5421 4840 68
2166 6421 91
4876 2472 68
7652 6969 75
2748 6579 69
1473 8234 36
4068 6519 46
96 4957 73
4217 8462 48
1705 4210 82 0 2935 1
7960 1094 95 0 168 1
2120 1257 55 0 368 0
3335 6344 81 0 2726 0
682 5730 110 0 2455 1
3365 4841 96 0 192 1
8550 6267 80 0 951 0
5180 1284 14 0 198 1
1607 139 37 0 366 0
9592 8633 128 0 600 1
1675 1764 120 0 1704 1
3898 1001 28 0 160 0
2374 7382 97 0 995 0
3136 2310 30 0 249 0
913 3340 170 0 1215 0
1090 6766 44 0 233 1
9956 1811 81 0 442 0
777 1438 143 0 1082 0
2548 2380 42 0 181 1
4906 331 33 0 105 1
26 1788 59 0 395 1
2682 1372 89 0 165 1
1128 4261 54 0 110 0
1213 6127 89 0 396 1
9159 1380 39 0 164 0
3999 6952 128 0 1513 1
9678 1668 13 0 147 0
3541 3916 54 0 51 0
4033 4968 70 0 232 0
7752 768 50 0 278 1
8947 3596 68 0 2972 1
9681 8096 19 0 346 1
7986 2620 94 0 157 0
8255 6488 111 0 1933 1
8264 7209 69 0 233 1
2421 7003 53 0 252 0
1688 5551 76 0 250 0
9673 544 64 0 365 1
4014 8956 33 0 150 0
3321 6708 36 0 867 0
2971 1146 131 0 768 1
5407 4839 68 0 413 0
2176 6411 90 0 102 1
4886 2475 67 0 440 1
7641 6976 79 0 222 1
2748 6589 67 0 168 1
1480 8230 34 0 104 1
4077 6520 139 0 2635 1
87 4961 153 0 2619 1
4219 8453 100 0 1703 0
1699 4225 105 0 725 1
7967 1083 106 0 2821 1
2134 1247 56 0 325 0
3340 6338 48 0 1458 0
700 5719 45 0 308 0
3374 4850 104 0 283 1
8560 6252 49 0 1817 1
5189 1273 53 0 2647 1
1595 139 42 0 56 1
9574 8650 111 0 1662 0
1679 1770 119 0 2080 0
3896 1001 105 0 2557 0
2357 7394 41 0 173 1
3139 2317 35 0 336 0
930 3358 78 0 137 1
1100 6780 61 0 1428 0
9959 1801 84 0 125 0
778 1436 60 0 375 1
2547 2381 31 0 167 1
4916 324 80 0 1733 0
43 1793 144 0 1427 1
2683 1354 185 0 2014 0
1140 4247 64 0 780 0
1223 6136 185 0 2773 0
9177 1370 38 0 243 0
3977 6952 111 0 1378 0
9661 1669 78 0 1178 1
3548 3904 56 0 385 1
4029 4979 60 0 150 1
7735 756 124 0 1329 0
8938 3597 51 0 186 0
9695 8087 73 0 2640 1
7979 2614 145 0 2130 1
8251 6483 22 0 86 0
8273 7225 62 0 159 1
2433 6999 62 0 352 1
1691 5558 102 0 419 0
9672 537 30 0 379 0
4031 8969 33 0 223 0
3329 6708 20 0 2811 1
2968 1154 181 0 2806 0
5407 4840 72 0 178 0
50 87
18 29 98
13 12 18
21 2 86
15 4 93
15 4 141
16 3 16
29 2 100
0 24 169
9 14 256
12 6 1063
6 20 86
4 24 10
12 22 838
16 25 60
8 14 167
11 24 86
26 25 109
0 8 198
24 21 38
11 27 206
28 23 170
28 0 126
19 22 441
18 7 185
4 26 108
27 22 223
7 21 777
24 5 127
17 16 22
16 9 151
21 21 13
20 8 163
13 15 181
11 15 660
4 25 116
23 1 357
27 9 68
10 27 128
28 10 207
15 5 78
14 11 39
24 15 199
3 15 95
26 28 100
5 6 147
24 7 208
16 7 100
12 14 23
23 6 129
27 20 164
0 2 462 0 9 1
25 20 71 0 27 1
11 5 1054 0 19 0
17 5 236 0 3 1
9 6 1792 0 45 0
22 13 156 0 21 1
28 14 515 0 38 0
23 18 1571 0 34 0
11 24 350 0 7 0
7 24 748 0 34 0
21 2 103 0 4 1
0 23 2329 0 22 0
21 4 1599 0 31 0
13 6 321 0 13 0
24 3 798 0 24 0
22 25 150 0 17 1
23 3 345 0 23 0
18 29 107 0 25 1
26 5 147 0 24 0
0 22 386 0 18 1
20 28 187 0 22 1
25 19 436 0 16 1
25 9 257 0 25 0
17 25 478 0 13 1
28 29 154 0 28 0
16 0 306 0 26 0
21 13 281 0 22 0
12 13 1553 0 50 0
6 25 119 0 8 1
1 9 2031 0 15 1
18 10 2126 0 31 0
19 20 461 0 18 0
22 24 1092 0 21 1
22 10 144 0 18 1
11 27 81 0 11 0
25 15 2487 0 22 0
18 15 385 0 6 0
3 29 353 0 10 1
28 2 64 0 9 0
13 6 1454 0 21 1
6 17 936 0 20 0
8 18 1655 0 13 0
14 16 83 0 5 0
0 14 206 0 6 0
20 22 1145 0 21 0
4 14 313 0 13 0
28 24 1458 0 38 0
1 5 297 0 9 0
16 23 178 0 22 0
13 10 163 0 26 1
13 0 264 0 11 0
16 24 293 0 4 1
4 4 1588 0 25 0
7 0 736 0 44 0
10 25 193 0 21 0
26 3 753 0 32 0
29 29 430 0 4 0
8 22 102 0 7 1
27 27 553 0 18 1
21 19 1126 0 25 1
16 1 530 0 18 0
4 9 725 0 21 0
14 0 435 0 27 1
9 18 172 0 21 1
4 13 471 0 18 0
2 19 2245 0 22 0
24 4 763 0 21 0
8 14 536 0 3 0
28 5 680 0 40 0
13 4 516 0 25 1
21 2 229 0 8 0
25 22 397 0 4 0
12 10 296 0 21 0
1 14 501 0 29 0
13 17 1931 0 24 0
1 0 84 0 21 0
28 28 489 0 3 0
11 24 1122 0 16 1
15 17 1600 0 25 1
24 7 159 0 12 0
23 16 388 0 5 0
11 21 265 0 10 0
7 14 209 0 4 0
26 21 99 0 17 0
15 0 331 0 26 0
23 14 491 0 21 0
28 5 1979 0 25 0
40 89
24 23 153
29 15 34
0 3 101
9 28 36
18 25 143
10 28 151
21 0 30
5 21 55
5 7 48
14 14 177
7 15 180
7 25 124
5 13 103
1 5 10
5 5 52
28 29 152
28 17 444
13 0 113
9 16 204
7 6 172
24 26 1006
25 21 208
28 26 893
13 5 170
5 15 156
5 24 129
24 16 177
18 16 64
10 18 23
25 26 145
6 1 669
25 26 999
4 2 203
26 17 100
0 0 117
6 9 159
13 15 17
17 5 83
24 1 204
21 29 85
9 1 1353 0 30 0
10 19 523 0 16 1
18 7 488 0 19 1
1 25 376 0 6 0
25 22 344 0 18 1
4 6 1842 0 18 1
24 8 1306 0 23 0
26 21 200 0 8 1
19 23 130 0 22 1
5 25 122 0 21 1
19 28 82 0 29 0
1 8 391 0 26 1
16 18 1942 0 20 0
21 26 294 0 22 0
25 18 2031 0 15 1
20 21 1809 0 30 0
5 16 1684 0 40 0
15 2 123 0 7 0
27 22 450 0 16 1
12 18 2150 0 32 1
25 15 527 0 3 0
5 23 2187 0 15 0
11 24 1855 0 9 0
7 18 121 0 19 0
23 21 675 0 37 0
10 0 375 0 26 1
0 8 412 0 17 1
16 3 96 0 12 1
26 6 915 0 27 1
9 1 1961 0 43 0
1 8 242 0 21 0
10 22 264 0 25 0
19 25 191 0 5 0
19 20 203 0 6 0
23 19 211 0 18 1
17 20 161 0 4 0
15 5 500 0 37 1
22 17 168 0 23 1
20 3 1273 0 34 0
25 16 145 0 22 1
2 29 638 0 27 0
24 2 179 0 16 0
20 17 315 0 29 1
13 26 158 0 18 1
18 21 224 0 25 0
18 0 146 0 12 1
0 19 153 0 11 1
10 27 662 0 44 0
4 22 2226 0 32 0
7 12 1632 0 42 0
9 4 59 0 8 0
9 24 158 0 20 1
22 29 999 0 22 1
4 5 313 0 11 1
8 28 394 0 11 0
15 0 127 0 16 1
0 25 1778 0 17 0
5 6 530 0 21 0
4 23 170 0 28 0
17 5 110 0 18 0
18 2 2426 0 26 0
29 29 211 0 25 0
13 10 178 0 23 0
29 11 817 0 28 1
8 29 295 0 15 1
14 24 312 0 19 1
8 4 1724 0 29 0
23 20 174 0 10 1
13 28 221 0 28 0
4 22 948 0 13 1
23 17 235 0 28 1
9 2 468 0 15 1
15 0 85 0 22 0
13 18 494 0 28 0
16 24 272 0 12 0
21 13 549 0 11 1
9 10 118 0 9 0
13 14 2235 0 30 0
11 27 1491 0 19 1
0 0 95 0 7 1
6 14 364 0 9 1
12 9 458 0 5 0
4 17 499 0 25 1
25 18 225 0 3 0
14 8 453 0 27 1
29 13 1696 0 31 0
27 9 462 0 18 0
4 14 2068 0 33 0
5 7 340 0 27 0
